1.0 0.0 0.0 0.0 0.0 1.0 0.0 0.0 0.0 0.0 1.0 0.0
0.9942002273824208 -0.007607846102710006 -0.10727547972589167 0.912499033383999 0.004436135979338167 0.9995468202158617 -0.02977372825047368 -0.07427031698616875 0.10745337858957951 0.0291251587813308 0.9937834253778067 0.29518779986288235
0.9942311039639414 -0.0068495513540826536 -0.10704015861764017 0.8363715283066814 0.00351333482987877 0.9995030629580828 -0.03132544677709562 -0.08172041277271773 0.1072015316542395 0.030768665613888628 0.9937610984674966 1.2554683978131411
0.9942286696476431 -0.00699645777645681 -0.1070532672516776 0.7340918387242094 0.00418517299535072 0.9996410383055788 -0.026462782588833635 -0.11879807015713895 0.10719998497050175 0.025862020685305374 0.9939010610258934 2.2130588845715025
0.9895756617494412 -0.039869985931021784 -0.13838494822420058 1.1454249689914093 0.03478508943422352 0.9986346768004235 -0.03897152607696074 -0.2057878620457565 0.13974980224031655 0.03375154090666502 0.9896114521670704 3.0770710404332138
0.9885493263235072 -0.059194097314309656 -0.13880305568856519 0.4426026094301426 0.056473806146926 0.9981284428876549 -0.023458915532163265 -0.1505064962302261 0.13993190717137452 0.015351558286043288 0.9900421157776933 3.7267032817477306
0.9879530844020679 -0.062441822973844166 -0.14159704009668614 0.3504329731313295 0.05936074149915762 0.9979009521256481 -0.02588420590621842 -0.17867541282485944 0.14291607813367085 0.017167075768121594 0.9895859164925805 4.654460352569084
0.9881612142998908 -0.06228867845149323 -0.1402053318890923 0.18650176853164832 0.05871883228821517 0.9978397704991485 -0.029459992276230192 -0.20180752665851293 0.1417374801810459 0.020878528371836 0.9896840777566105 5.577267390379795
0.9855151426050412 -0.06888525208491715 -0.1549668536860759 0.2828547932915445 0.06380762364031951 0.9972570038971217 -0.03751073637656437 -0.18719247494677468 0.15712571674152973 0.02707933203264445 0.9872072826489503 6.502123674609628
0.9846660655891613 -0.07118238925529334 -0.15926646457138394 0.19201886517308187 0.06633005021347123 0.9971629923466045 -0.03558498465707215 -0.2154949604461039 0.1613476486219686 0.024475174243988082 0.986594091878664 7.4267156050036744
0.9794525482426232 -0.09860906053805753 -0.17592316197940425 0.2448254756261264 0.09287272757978993 0.9948511780160327 -0.04056833829480776 -0.22464713996092772 0.17901777066235633 0.023396298423329902 0.9835676138462284 8.355671000797772
0.9738677978579586 -0.12001880708564051 -0.19281337671704302 0.42622183046818973 0.11252322809945257 0.9924200109631041 -0.04940693248999767 -0.20744945804838236 0.19728161453457066 0.026419836973993454 0.9799907942327303 9.26067401400791
0.9636965581986943 -0.15126075680057366 -0.22002074258603077 0.612928866053416 0.138892805220799 0.9877784940837198 -0.0707278960778203 -0.16315442177776485 0.22803011286645375 0.03760093187429321 0.972927765843022 10.191855287231165
0.9503091318939119 -0.17031281601540751 -0.26058798617730355 0.8824745778600003 0.1517804637685971 0.9843250899452496 -0.08981541138615752 -0.21994248700200708 0.27180000856738357 0.04580024023055785 0.9612632799278202 11.032012673719692
0.9368642825293556 -0.20080347359980932 -0.28629230012525264 1.2257817292224167 0.17328611959068185 0.9776940424067523 -0.11868563602873676 -0.21712244794879837 0.3037387642003577 0.06158185148720678 0.9507630823130674 11.874908723080653
0.938354732890046 -0.1707248471014748 -0.3005718247691058 1.4180649621681594 0.14374719361446425 0.9834973192472753 -0.10986249296910786 -0.12621646376533446 0.3143678412160146 0.05988363395452426 0.9474105819514477 12.758245428896931
0.9377623315372164 -0.1707076419584835 -0.30242471877619387 1.1609305339219411 0.14312415992488992 0.9834258103517063 -0.11130656036318362 -0.22427962529765386 0.31641315458697356 0.06109481574620318 0.9466520686573578 13.61977165758785
0.9370259632977616 -0.17197105923779968 -0.3039873334376507 0.8888425845333496 0.1441436739575449 0.9832091707489546 -0.1119032073408653 -0.32531473432003394 0.3181272471259338 0.06103835957642321 0.9460810606371379 14.472710474867526
0.9364096314537509 -0.17236097142115586 -0.30566108298474615 0.6086149852598113 0.1438924050188342 0.9830604782670732 -0.11352123963033438 -0.41808205460288117 0.32004996156623383 0.06232007381307766 0.9453487348599893 15.319830109358053
0.9350472509641438 -0.17308917459620052 -0.30939744036110745 0.3532242463105394 0.14413719302906525 0.982935753231857 -0.11428812101099185 -0.5114270552856214 0.3238998426212963 0.06226911478515759 0.9440399617038304 16.169320151631066
0.9373687945814541 -0.17554087155859416 -0.30087396922526 -0.0685274033681571 0.14767433075551392 0.9825397407594552 -0.11317221330456169 -0.6245953786335889 0.3154869806835522 0.06165273911831662 0.9469249731517182 16.94736429511677
0.9389182676959562 -0.17197022187211727 -0.29809181366834125 -0.39232316589484656 0.1446499214535667 0.9831713063466828 -0.1115821786847422 -0.7325297803263771 0.3122641298809433 0.06164758848334177 0.9479929788895505 17.76676207121546
0.9356583083823691 -0.17404728134949077 -0.30700337752196916 -0.5770985272620236 0.14609415074599943 0.9829122177661159 -0.11198245971535163 -0.8276749886091145 0.3212476133340916 0.05992592111053693 0.9450972727218091 18.62278566172079
0.9350604496611891 -0.17446806546719829 -0.30858199819748233 -0.849566753457558 0.14634633810031902 0.982846295587228 -0.11223149546847484 -0.9294657307944887 0.3228694857121746 0.05978338717901881 0.9445534615961966 19.447314529197406
0.9238778183192845 -0.17738637818875827 -0.3390926859291953 -0.5399307432879433 0.14711317285590084 0.9826195507433076 -0.11321012706154042 -1.0470578774656174 0.35328103712182257 0.054707324281991314 0.9339162796953656 20.250959204474324
0.935772295365013 -0.18296355623961086 -0.30142088234800857 -1.3044251365584936 0.15698195893136802 0.9816241242941918 -0.10849305587792918 -1.2382439380564583 0.3157322850095747 0.05420715535624238 0.9472986374479883 20.603292344760288
0.9259285784788984 -0.19127806413937196 -0.3256823141270394 -1.200983585126602 0.1611935352616805 0.9799332803490838 -0.11724935076206414 -1.310143510481084 0.3415741672695557 0.05606664109234885 0.9381810166544245 21.45107785212142
0.8943536938834561 -0.25186412397463026 -0.36972413133512394 -0.958865466288743 0.20709729907520694 0.9656622192148225 -0.15686678136832638 -1.3357418428411336 0.3965377396324011 0.06372551636193974 0.9158039526075591 22.273712358750217
0.9004254951999588 -0.22291967628939177 -0.3735515299352209 -0.881903846535004 0.1799873436763116 0.9726825034254498 -0.1466059468314489 -1.090173075294162 0.39602838750556313 0.0647731846757034 0.9159508452077048 23.059594628328707
0.9093939121975659 -0.24527726622423127 -0.3359192985399568 -1.5233991257503636 0.21091680516031389 0.9680211541932745 -0.13582763465248077 -1.2292173727025895 0.3584924179937073 0.05266979882141954 0.9320456418722931 23.558191286996802
0.9121508201638846 -0.23895134028676784 -0.332991198456526 -1.8276025004808698 0.20350120873193028 0.9692852429165436 -0.13810639343948458 -1.3485669154025344 0.35576416249954035 0.05820974866270461 0.9327612158755446 24.30423153084077
0.9099973815016233 -0.24267230322679229 -0.33617691608258315 -2.064551068462159 0.20646315573542917 0.9683653759032004 -0.14014800774760278 -1.4711055738238465 0.3595521255450455 0.05812617309317284 0.9313128459425337 25.05517745339972
0.8969548982318056 -0.26373864835289706 -0.35484339630738726 -2.1295914898558275 0.22398583493388674 0.9630414955872197 -0.149604222955442 -1.5607167469851104 0.38118533062926746 0.054708346183360373 0.9228785080230968 25.84036009418125
0.8660143029481463 -0.3182203356034815 -0.3856877559602425 -1.9342493628117146 0.2639683800830441 0.9460599776098105 -0.18785955680044344 -1.6427810279266037 0.4246644809794824 0.06087969097599374 0.9033015785556303 26.596735500922136
0.8662572166400204 -0.3161221293645823 -0.38686591210016225 -2.258648993911796 0.2616922813763024 0.9467357586221096 -0.1876394234010692 -1.8079657069520791 0.4255767668554687 0.061304181523132766 0.9028434043845167 27.27784821515625
0.8558088016914581 -0.32200361592383414 -0.4048517831001985 -2.1113681220761245 0.2571176463718667 0.9439003795874218 -0.20722593790091348 -1.7624650580273915 0.4488672530622227 0.0732512439941926 0.8905910646203888 28.02924677674627
0.8486498855346803 -0.3124922730649984 -0.42678091693121517 -2.002038220733465 0.24261672310436957 0.9469201819551583 -0.21090114906303428 -1.741170714781898 0.47003244297822167 0.07543704846214679 0.8794195553131875 28.781569162838583
0.8232709424396922 -0.350089582552606 -0.4468358082367701 -1.7331345993412035 0.264832185844344 0.9331335005185505 -0.243157939518544 -1.8525950747356925 0.5020845234374104 0.08184836222025718 0.8609366857826947 29.46697061626665
0.8216877956281767 -0.34906646728658147 -0.45053497969833356 -2.045887922245061 0.2638133642054789 0.9336607778329548 -0.24223967635990235 -2.0359205451245557 0.5052045876496948 0.08018823699538631 0.8592660654682425 30.109988548397457
0.8217572000746185 -0.34829091122239236 -0.4510083649838471 -2.3937288236352776 0.26238696474195555 0.9338443120463693 -0.24307999011055728 -2.2136330746793336 0.5058341475810327 0.08141401610607354 0.8587802822156841 30.724774112149394
0.8286916414865203 -0.34354795519233194 -0.44186532542568646 -1.6911159027532676 0.22744183132469892 0.9280362009690333 -0.29498986941017485 -1.9741983848818259 0.5114101843863165 0.14395698028970946 0.84719301881674 30.7354084630597
0.8290227087480682 -0.3422767130723639 -0.44223070909695783 -2.0166367124433338 0.22524341780595267 0.9282007376756314 -0.296156703982042 -2.177481931572128 0.5118464135999307 0.14591107657334296 0.846595066497612 31.309690335862477
0.8299290028863062 -0.340960641179722 -0.4415469299343593 -2.354653010896455 0.22436668661481657 0.9286580793279325 -0.29538747711513447 -2.3886381183559484 0.5107616274796224 0.1460822126929479 0.8472204831264994 31.87730078821429
0.8306387345926843 -0.3379936349675415 -0.4424924805188175 -2.667623900860541 0.22187772512931006 0.9297888682034756 -0.2937055254099625 -2.5902341568424467 0.5106951807935031 0.1457839610050694 0.8473119077576822 32.45661863164876
0.8065576475542734 -0.35803798701284917 -0.4703972374786091 -2.558548514969916 0.22470680224340459 0.921682746181147 -0.3162400487248929 -2.6972699613995843 0.546782968093614 0.14936437074404818 0.8238438386945499 33.11616061132375
0.8087409419776344 -0.3548976962768654 -0.4690263467509113 -2.868963336355313 0.22047520539270446 0.9222196342811081 -0.3176501691380996 -2.9142485620571352 0.5452786192178964 0.15348801687360386 0.8240829182188113 33.66051897473908
0.8112163742523796 -0.3531314173443845 -0.4660753117567732 -3.183464223035172 0.21717618097722088 0.9219934123997519 -0.3205661459162678 -3.114644294382383 0.5429203445819426 0.15882805034314965 0.8246278856934309 34.196702192944755
0.8124243874912178 -0.35313080903940663 -0.4639668590715263 -3.479717688968867 0.216948291623802 0.9216808880012795 -0.32161744270901516 -3.316949724240104 0.5412024144172268 0.16063303645373384 0.8254071566376301 34.72394061193577
0.8122952275108059 -0.35406592607207965 -0.46348007870661706 -3.7552361029914123 0.21866747736920147 0.9215678811704782 -0.32077589487981334 -3.5162897741424795 0.5407041683806035 0.15921670888972458 0.8260078945785955 35.263185515445876
0.8157517500294961 -0.3494453842223646 -0.46090889096382415 -4.073805193368031 0.21614180181463538 0.9233053518182106 -0.317474327800175 -3.727056195727408 0.536499584186363 0.15935856032712342 0.8287177115389328 35.7892536324162
0.8201844268245612 -0.3428143817724332 -0.458012888076803 -4.367168372401382 0.2123241292064417 0.9258065415529575 -0.3127310534220704 -3.9262021565811143 0.5312400306369947 0.15924995217498655 0.8321198727233168 36.28061763076239
0.8239436264714501 -0.3392358160768129 -0.4539118432997515 -4.657639558321323 0.21018708684939924 0.9268288775961016 -0.3111424435458991 -4.115418397087171 0.5262492650055121 0.16095742525477985 0.8349577344611583 36.7694610662153
0.8273678055678576 -0.3356843304542121 -0.4503093876406965 -4.928465761987886 0.207865126273294 0.9278244426888635 -0.3097319693355633 -4.30168687401099 0.521780225371965 0.16265864205939193 0.8374291388375353 37.25357573907776
0.8308480118082839 -0.33091737339513944 -0.44742068935118307 -5.169455520879422 0.2048063111335952 0.9293891845397659 -0.30706696106933595 -4.46486673804136 0.5174417418358074 0.16349139318560243 0.8399551227060624 37.74226334922879
0.8345277227626037 -0.32752670675509943 -0.4430459753827201 -5.410846086927295 0.2035288393009845 0.9305076822683297 -0.30451841457030804 -4.635588432343989 0.5119955971621828 0.16395642592401916 0.8431955875624355 38.20402123908246
0.838833870512029 -0.3244414633169798 -0.4371446837862143 -5.6434973233172965 0.20221941331521043 0.9312493790262625 -0.3031202780113057 -4.80164955133942 0.5054355018795812 0.16586841454579357 0.8467718833876099 38.6469229786369
0.828236417152126 -0.32093513431902687 -0.45937465848982345 -5.512969577067141 0.18903398373224917 0.9317180587148637 -0.31010903253359207 -4.869370973900075 0.5275325490406532 0.1700061723121607 0.8323504737059014 39.132738304973465
0.8336406401978069 -0.31718667948207097 -0.4521458762056034 -5.744960862701905 0.1869230156696589 0.9323688559146911 -0.3094319032247476 -5.015037114631433 0.5197144112140386 0.17343853919895189 0.8365500606042524 39.53109848805623
0.8501533676820027 -0.30634330017372613 -0.42824412880695073 -6.163893767340508 0.17208492550231266 0.9303177266000341 -0.3238760657853662 -5.158049404736891 0.49762036718146596 0.20164996903647928 0.8436298122718102 39.670299422767584
0.8619242308569871 -0.3082805014524866 -0.4025540369761533 -6.582334253137857 0.1734815163328392 0.9253207178785307 -0.3371731492210177 -5.263859244613505 0.47643549799784374 0.22078202256742435 0.8510373169013117 39.753521891263205
0.8587191282246274 -0.320842441340817 -0.3995767594037526 -6.575321086611231 0.18414980572831718 0.9208618555283494 -0.3436601403757902 -5.332067641232584 0.47821575452024034 0.2215255535312993 0.8498447630369256 40.169823765953865
0.8624773210228548 -0.3302736682531601 -0.38347382541686637 -6.866035889865588 0.19767566369002873 0.9173627782645976 -0.34549944289298745 -5.42617395380296 0.4658939822598591 0.22218199097419852 0.8564916579750157 40.424193541672565
0.8673525104198894 -0.3232684582234226 -0.3784139619334506 -6.991175786497522 0.1956036330436147 0.9205668801529757 -0.3380766745955043 -5.445450641164655 0.4576448857011931 0.21921250667620681 0.8616884793869971 40.07389407767334
0.8879588991402472 -0.3118344687095172 -0.33806546342727417 -7.28612826311501 0.18621792589692324 0.9158662922344388 -0.3556849994354391 -5.512706033352398 0.42053760534854917 0.2528798111225818 0.8713207925984062 40.275119288877555
0.8988865244797409 -0.30736320710600484 -0.31229933561608497 -7.543772392006694 0.18902739894946838 0.9149912246800654 -0.3564543465927599 -5.616947276951893 0.39531210271775763 0.261378877639306 0.8805733494541392 40.41604498324319
0.9009640825013708 -0.30929230569187993 -0.30430575361347983 -7.736541325828535 0.19555075964717678 0.9155179254231416 -0.35154918379981637 -5.712078935071144 0.3873288298640816 0.25722596655218344 0.8853311130234922 40.62412786422719
0.909774495974625 -0.3003738531458559 -0.28650639577578907 -7.905098806107441 0.19123730539695383 0.9158860598179421 -0.35296036385928026 -5.808167125377427 0.36842727843990175 0.26632362602194054 0.8906924647283663 40.82042854705632
0.9090088407424886 -0.3107993350139451 -0.2776809334594136 -7.843370741407098 0.1969590041086953 0.9075105156742815 -0.3709876206035845 -5.752285128635241 0.36730107289866704 0.28253926682053826 0.886149809316687 41.07500485052818
0.9136881768314588 -0.3117100238596082 -0.26078875846909566 -7.9737022174657906 0.20226652595804104 0.9053299871529433 -0.37345129111909037 -5.841927746341161 0.35250839421959035 0.2884691931335001 0.8902378090250005 41.28339632877881
0.9171075173989611 -0.3121825186256221 -0.2479029580196312 -8.022294700587981 0.20676492523360052 0.9041976422741984 -0.3737310388486932 -5.9349198579733216 0.34082556715050333 0.29149390863334107 0.8937948500669464 41.52111282919988
0.9189292504467925 -0.31504000977537483 -0.23731587581540625 -8.016467780518816 0.21242569565631658 0.9022664321065548 -0.37522074745226464 -6.010198434726252 0.3323316964994919 0.2943893301980179 0.8960416093950835 41.767888739966104
0.9199165889992165 -0.32057861966182094 -0.22579375079876196 -7.977076844228865 0.2210087797908148 0.8995595837054055 -0.37675943865964534 -6.062393118140097 0.32389595326188625 0.29668485633661357 0.8983704734023135 42.02684389959429
0.9239568413285663 -0.32393362176247525 -0.20339804338780967 -8.181157240372734 0.23034721527329405 0.8957557836067802 -0.38021275169415353 -6.106694282203865 0.3053586674354955 0.3044480002017528 0.9022568921294931 41.904779715490506
0.9188364703774201 -0.342445543974843 -0.196139211062304 -8.088070004012005 0.24606038701407637 0.8857035497276255 -0.3936794482092823 -6.138132370774411 0.30853496827240046 0.31346494447011997 0.8980790065141784 42.13669814088284
0.9181280293472077 -0.35218048949534525 -0.18168606040595559 -8.020616286259667 0.2601378966818279 0.88148501654941 -0.39409699352930716 -6.189646889915876 0.2989468120535344 0.3145680664303081 0.9009315929332958 42.378087898931014
0.9206176445125246 -0.3543845401904487 -0.16393520148589075 -8.025743819006713 0.2696870505517085 0.8807129784805265 -0.38937583939001374 -6.2666968506352845 0.28236863738194246 0.3142550671189906 0.9063728291454369 42.60485343744307
0.9237234581528448 -0.35368353927216045 -0.1471153523806133 -7.92596925435169 0.27517117552034076 0.8798480132035239 -0.38748973899261313 -6.280133138034688 0.26648789282237 0.3174514572493363 0.9100597646689834 42.83284318179473
0.9271079657888595 -0.355255209183679 -0.11943431717353326 -8.13908672833146 0.2858582987862667 0.8763434237535197 -0.3876947725453341 -6.335269297759191 0.24239606594552754 0.32529362119755256 0.9140176186607751 42.71454037481931
0.9269334319559368 -0.36175848317448306 -0.09962536109691686 -8.032742749933917 0.2985146137306743 0.8718282211944985 -0.3883356513611137 -6.3597430915016595 0.227339917549954 0.33022167188137486 0.9161169190164806 42.94536854470199
0.9295768131679314 -0.36059933515942166 -0.0765184154510591 -8.011987150144918 0.30706396365011485 0.8723119945297769 -0.3805042791178054 -6.441202379383702 0.2039575216755661 0.3302119072384626 0.9216080651067996 43.189063058208745
0.9380444703808056 -0.344351074235936 -0.03866405644207046 -8.153944083764474 0.3054409779626164 0.8743840207732169 -0.37703898100554517 -6.590801689681923 0.1636410112693015 0.34186974403859793 0.9253900245527527 43.35402584474215
0.9402523887423038 -0.34036995300868744 0.008587231990594586 -8.398287736045015 0.31732919076598765 0.8669050656661078 -0.3844187714072265 -6.663654744708523 0.1234002842468377 0.3641756474715218 0.9231188805546651 43.382221142981194
0.938593316813944 -0.34282717012285735 0.03888594936165945 -8.358719850864865 0.3317978034672661 0.8659504041609173 -0.37421934095906745 -6.745266798710172 0.09461925410032698 0.36414204503063763 0.9265245640534329 43.62733584479294
0.9352583089226751 -0.3465367927673706 0.07213977300773448 -8.304360243695054 0.34825925677085884 0.8644181433713647 -0.36262482469324797 -6.8281524406559075 0.06330391508044979 0.3642712240472809 0.9291388968645019 43.87574356206009
0.931287480103869 -0.34785068984215367 0.10818284049759695 -8.241986682525134 0.3631618250280157 0.8632278634900025 -0.35064389989960426 -6.9101114199662055 0.028585280199999296 0.36583815174311807 0.9302393931053808 44.12252296844963
0.9297569893042571 -0.3387804587556532 0.14415180056175966 -8.096413429789566 0.36811392721734776 0.8624505710802933 -0.3473775309830706 -6.721418033742484 -0.006639083408892324 0.37604097277900744 0.9265792515283882 43.98974185268314
0.9240398598070918 -0.32537725307924986 0.20069873110285721 -8.32583875306193 0.377818535449472 0.857364842936611 -0.3495406705479253 -6.822905501636359 -0.05833945284721492 0.39881721286183014 0.9151728464976481 44.13117430337492
0.9159931152629484 -0.325751500811593 0.234184910935523 -8.059389569303898 0.39245720461552486 0.8487035744216673 -0.35451316662325844 -6.742691802608448 -0.08327037490160112 0.41663917540586154 0.9052501544771305 44.245599089136974
0.9090907562122121 -0.30462831717654637 0.2841752722242015 -7.944188763499037 0.3935454338304859 0.8517340450314345 -0.3459351211507176 -6.569631062181916 -0.13666012030101984 0.4263223016786382 0.894188630329606 44.023874777900076
0.8931102953669047 -0.2931217155687798 0.34122376847409314 -8.203379516455158 0.4066559382001992 0.85039493809295 -0.3338553536973764 -6.6990585209497135 -0.19231471143977225 0.4369303252555254 0.878696160590187 44.174909623642726
0.8768489055314053 -0.29388595327424727 0.38048264525004233 -7.973245635070265 0.42176402132679314 0.8500918217929919 -0.31537121751187364 -6.750837493877585 -0.23076201416748762 0.4370067974171061 0.8693526050047855 44.42362518725883
0.8541451270450019 -0.3031788200226618 0.4225147394292291 -7.646380505006529 0.4503163600904167 0.8375687708150221 -0.3093440317677517 -6.696499071117377 -0.2600985924225683 0.4544899968592003 0.8519316668458337 44.563845458457756
0.8319393580640752 -0.3076864382575448 0.461742309320173 -7.35921772265424 0.46922202150649633 0.8342845361156552 -0.28948230918596696 -6.729745100420538 -0.29615468768415154 0.4574913862693684 0.8384473939681796 44.824499782572474
0.8066103145250129 -0.3136198572298341 0.5010213425124765 -6.989643306941764 0.4991775783147949 0.8153674000595917 -0.2932537267074973 -6.637536981078048 -0.316546277516641 0.4866401011745711 0.814235755858927 44.94473375219975
0.7776192715092031 -0.31888975040870904 0.5418649238156803 -6.603671042411323 0.5264011123470256 0.8014924621367847 -0.28374584059986835 -6.566878447211253 -0.3438170116461886 0.5058845324994459 0.7911199038581312 45.06324605542256
0.7467547907226413 -0.32819796390536304 0.578483689503139 -6.220433415832306 0.5509783891417035 0.7924348992024539 -0.2616672414055829 -6.5766196030663675 -0.3725320083316371 0.5141332774819852 0.7725845427874065 45.25348295062394
0.715491979584843 -0.3323424277324171 0.6145077199504425 -5.861369452228523 0.5650465814869449 0.7925664793156662 -0.22926128459703876 -6.625899764650448 -0.4108449682053859 0.5112600968138332 0.7548639119114268 45.50193525227973
0.6855958012232741 -0.33737351755201855 0.645087208832728 -5.42714325393908 0.5810360370448058 0.7874568146221409 -0.20569124619296633 -6.562650250502034 -0.43858353936312805 0.5158399701067423 0.7359032573918824 45.63217091130214
0.6678510389418524 -0.2828785859293896 0.6884436762777929 -5.336993518784417 0.5664525145299456 0.7931817876525654 -0.22359382934012056 -6.133889437737251 -0.4828110795818528 0.5392980227655809 0.6899645672598972 45.4806736683639
0.6017912209792762 -0.27898877908470165 0.7483398876827995 -5.31471294494082 0.5818579935324029 0.7949962752918797 -0.17152899939800478 -6.389772078052316 -0.5470727572404984 0.5386521915084547 0.640753630398154 45.87939707531322
0.5631625318644009 -0.28342821441320937 0.7762193053374948 -4.883911839126865 0.5951011885922973 0.7908266390849914 -0.14299581200010186 -6.38384476400573 -0.573325856769181 0.5424589147466122 0.6140323996108096 46.11184125453352
0.5188089461955546 -0.2905539680408703 0.8039997941561727 -5.347239920561094 0.6116765051668838 0.7831863901288614 -0.11167332422627581 -6.58464249655094 -0.5972345689712605 0.549724903904329 0.5840491414710627 46.15496535236803
0.4825358260941862 -0.2942405014161543 0.8249737594990381 -4.884410487934916 0.6235415906466419 0.7768629101158284 -0.08763505930972201 -6.570043632821835 -0.61510573178069 0.5566925059785989 0.558335376380367 46.405719587676764
0.4231231322902198 -0.30043287405419283 0.8548139581853212 -4.630099765168019 0.6347556141375942 0.7715133217587018 -0.04304073268028802 -6.766789605464786 -0.6465695053447226 0.5608094886290592 0.5171465867835638 46.80930960005458
0.3651705635118666 -0.31151217911525786 0.8772745418666238 -4.364017312763543 0.6547325316267484 0.7558492999482801 -0.004140989896191835 -6.922804839072516 -0.6617973795460772 0.5758923493419181 0.4799710724568594 47.24542249568563
0.3180703011373304 -0.3033034294618399 0.8982417899491761 -4.020899858523407 0.6450718723711262 0.7635559880471648 0.029402935107284704 -7.098730384146474 -0.6947759084841791 0.57007831286061 0.43851699419290463 47.64242611040406
0.26914717307392527 -0.29488322316708643 0.9168444164202072 -3.6849622782220868 0.6328448800667758 0.7717566606320764 0.06244208951733323 -7.3109040095705184 -0.7259939097537813 0.5634141828749183 0.39433146150897336 48.046653745700745
0.19781615467575042 -0.3209655019710911 0.9262018762093666 -3.5750330896180103 0.6387296572753657 0.7589468163071151 0.12658655115842452 -7.597797062073171 -0.7435678811421268 0.5665517421751831 0.35514212587648547 48.53670133267757
0.13783216605491097 -0.3795301006136805 0.9148547407806262 -3.8926130910530383 0.6036618760713534 0.7644780898718176 0.22619811998323064 -7.880659303962959 -0.7852353999780087 0.5210855523175658 0.3344775235905559 48.93591503388637
0.10265217129417896 -0.3750950113794987 0.9212851155678193 -3.467125975843431 0.5828591576621038 0.7732041517964724 0.24986104533143433 -8.009853448698358 -0.8060631079872165 0.5113306876013869 0.2979986474114922 49.3478071552742
0.09165095920799868 -0.3732356897872957 0.9231983652202064 -2.9136556605694635 0.5825155049682198 0.7720193966601256 0.2542867233108171 -7.814139708070772 -0.8076359254935801 0.5144717397967868 0.2881718945396878 49.48058015319112
0.08139081166462243 -0.3707733406934807 0.9251500773429012 -2.3425350968675303 0.5833040508959749 0.7703806716654706 0.2574296116079123 -7.636595522501166 -0.8081657750640755 0.5186913827655607 0.2789754997483289 49.6457188794669
0.07248899856753524 -0.369161405404124 0.9265339723111795 -1.764191010813707 0.5936509987982335 0.7624643256482326 0.2573453783141286 -7.424721637850363 -0.80145108192112 0.53138310932305 0.2744233124456278 49.78592061411715
0.06772302218063944 -0.3700334099845061 0.926546743430662 -1.1755462558846785 0.5954478427340995 0.7601407261870584 0.2600537309386562 -7.246298985833243 -0.8005344832360606 0.5340986349795743 0.27181462297478876 49.963016493403565
0.06490592618314268 -0.37204270306906434 0.9259435446286012 -0.5744562946337644 0.5877797988330067 0.7641056110915035 0.26581482874795864 -7.101683226427067 -0.8064131254078999 0.5269979527394187 0.2682741675568514 50.17930948787762
0.06709397643984316 -0.3750582661685691 0.9245700056264644 0.02627135618849874 0.5930879578976072 0.7601634691469353 0.2653265429076793 -6.847472164825468 -0.8023372560976684 0.5305495237516645 0.27344493106390577 50.29792504785949
0.06558368871243964 -0.38056635635487185 0.9224250799851719 0.6565764194453179 0.5919076891554459 0.7590528428881237 0.2710794518625788 -6.66990739968412 -0.8033330985920659 0.5282121071257551 0.275041637924585 50.48965829676137
0.058076051910436424 -0.32999608329914093 0.9421941186410192 1.0418542714179433 0.5513509818917416 0.7973966562436556 0.24529710022429643 -6.854755023454528 -0.8322495220554403 0.5052337653192428 0.2282533141486235 51.02861787482813
0.05656077592553013 -0.3282745621073004 0.942887421965086 1.6917381423824693 0.5549197897695484 0.7954247396487784 0.24364628147540482 -6.695695347947091 -0.8299788584950957 0.5094460672415968 0.22715589145616974 51.20583971675758
0.0566355937178315 -0.3212855327754436 0.9452872663658558 2.3477535723015253 0.555544371361868 0.79683326435513 0.23754410172701287 -6.5284255673521905 -0.8295558214926685 0.5116955689141182 0.22361749435426556 51.375027731644266
0.05783509714085472 -0.3133053458416287 0.9478896886271994 3.0086250074577956 0.5524847212760119 0.8008735505210871 0.2310025732157844 -6.370312415971556 -0.8315141215248694 0.5103345141598806 0.21941501626352342 51.5591654259758
0.05893290207404895 -0.3126341983070443 0.9480436546394084 3.686363462004122 0.5548648273689939 0.7997351726744106 0.22923498192074795 -6.191796598729417 -0.8298505506426483 0.5125265960282828 0.22060043508967403 51.73198813146291
0.06041406731248566 -0.316128692354635 0.9467907848838173 4.378753891038341 0.5538168923528156 0.7997527092833803 0.23169474257859554 -6.025803159933621 -0.8304438513321847 0.5103511084185457 0.2233937239953905 51.929778598143145
0.07705410493795756 -0.2905913914219874 0.9537396437936547 4.953287410728689 0.596268472904224 0.7800958103114012 0.18951104177609843 -5.61940563707601 -0.7990785775708636 0.554082277253143 0.23338006963169583 51.70400498894197
0.08006006905219995 -0.291978249181095 0.9530682490506668 5.653577345989401 0.5962526030914922 0.7802449632072813 0.1889461052689027 -5.480918981077688 -0.7987948539205635 0.5531423861853381 0.23655925675232845 51.88527934250031
0.08337686402125923 -0.2865742672994664 0.9544231178401743 6.34321117241517 0.6031515709977547 0.7769150891946952 0.18058551045014395 -5.25481295044511 -0.7932568820684249 0.560605149372865 0.23762446327705222 51.939713179556506
0.0863544598283394 -0.28138680118517734 0.9557009863898508 7.039359838442687 0.6064971482570468 0.775892283283006 0.17364438919226174 -5.112283008045938 -0.790382259684403 0.564634955400972 0.23766205148386138 52.109518766525476
0.09230518445211161 -0.28045469443926296 0.9554187130730933 7.74406847963022 0.6030512624294775 0.7792712589872061 0.1704860105659959 -4.968689376993262 -0.7923439453958568 0.5604297184156773 0.24105933483491201 52.274945192075464
0.10528395694981472 -0.2400183318259441 0.9650422212506998 8.171702833168293 0.6255278617857946 0.7703874560886781 0.12336150789816042 -4.460982512843858 -0.7730654451847395 0.5906728095051502 0.23124759365799138 51.968678775453796
0.10953262220442521 -0.24455699936894087 0.9634285021384238 8.891063268803505 0.6383560093341981 0.7602649643794473 0.12041091845856755 -4.339727150072507 -0.7619082687698946 0.6018214502630984 0.2393882452905358 52.11365012952197
0.11163830805795746 -0.24408068578345593 0.9633075869115946 9.605492091077224 0.6401102599622842 0.7591412789799561 0.1181667196789967 -4.264173682497184 -0.7601287675551893 0.6034311372279001 0.2409877991908947 52.29316660191747
0.11390651370734185 -0.23940122461432217 0.964215930063493 10.299131270639478 0.6397263515748479 0.7602240295695797 0.11317959164852412 -4.186408974402619 -0.7601154525700491 0.6039424463623639 0.23974574082988687 52.48998012190389
0.11928284787433674 -0.23786336715538653 0.9639463785753306 11.004746936433147 0.6380333673958061 0.7622353414682991 0.10913618238822356 -4.080802750983876 -0.7607134968518395 0.602011879270011 0.24268636740706018 52.666964925234474
0.12268401763645305 -0.23732219280087832 0.9636528465276105 11.713102477396108 0.6339357767324014 0.7658225607527842 0.10789456159017664 -4.0097093111370725 -0.7635928645523493 0.5976570774668646 0.2444012171788475 52.86530126359599
0.12507782750802118 -0.2405300827381765 0.9625491241302151 12.42764521649601 0.6380987216868313 0.762399355508441 0.1075976026775094 -3.9158111078197897 -0.759727292156536 0.6007432912802962 0.24884119340296715 53.04017591823214
0.12719011465662544 -0.24003473230486178 0.9623959694538277 13.136333172497322 0.6389404231035853 0.7619730195969491 0.1056042287530208 -3.8440233158028816 -0.7586684456716539 0.6014818739526935 0.25028332914621293 53.22639578157126
0.1252325179256351 -0.19514390171103346 0.9727464592991358 13.640779700658735 0.5999035052780581 0.7958160334053418 0.08241738487776001 -4.1362510165739685 -0.7902104788023898 0.5732326740512842 0.2167295563390258 53.677030004344225
0.1278430104709776 -0.19518903328130438 0.9723977611864565 14.356628045185332 0.5987860457068452 0.7967807523459576 0.08121394066151476 -4.086073716060254 -0.7906398903043503 0.571875575608649 0.21873931946908937 53.840173635019376
0.13342506285983824 -0.1972664593274636 0.9712279323749189 15.077877071209771 0.6083708960622606 0.7899219361507474 0.07686473581727232 -3.985669792962716 -0.7823570830670917 0.580611125291502 0.22540655660935457 53.97766650368319
0.13575026569312298 -0.1965249331695207 0.9710560313426655 15.791028195614627 0.6089077813306257 0.7897157615457056 0.07470160507849338 -3.911965119321264 -0.7815389812410252 0.5811428108554769 0.22686968548427636 54.17105953213478
0.13935696582311963 -0.19437926426881924 0.970977001632321 16.508539336412866 0.6070441450091997 0.7914614265711869 0.07131771350760767 -3.8248343977914723 -0.7823535275606686 0.579487283615626 0.22829245725857886 54.3304870004776
0.14380154352654753 -0.19261279784480126 0.9706809085305974 17.230713167468124 0.6066004043440683 0.7921512904737474 0.06732222850137361 -3.7705103517600334 -0.7818932571195338 0.5791343912315834 0.23075157933116794 54.50148408805149
0.14626914572180744 -0.19255819631712634 0.9703229761481036 17.952769606835115 0.6078136824282561 0.7913799601103116 0.06542389616039433 -3.7135507271887738 -0.7804920655988847 0.5802060838761508 0.23279397709194674 54.677073447825684
0.14938614255512822 -0.19260733275671627 0.9698382317587029 18.67763554985677 0.6069624124985361 0.7921631003102756 0.06382987012966997 -3.6629713596070945 -0.7805641615052887 0.5791200548031107 0.23524360118478566 54.86133940205224
0.1516106286073426 -0.1919552273661428 0.9696223017134578 19.397892820244827 0.6048631816254574 0.7938663242059739 0.06258426963403975 -3.623842796682844 -0.7817638702365406 0.5770003899292533 0.23646522199738887 55.05279664284771
0.15504711128015733 -0.191392619037791 0.9691900013214845 20.129852158045107 0.602418068933068 0.795862302255783 0.06079199018851423 -3.5812214629505377 -0.7829769239936971 0.5744319465576257 0.23869452291032045 55.24497455789346
0.15830187382111485 -0.1895881216910756 0.9690185038782175 20.860316623626545 0.6004855636854246 0.797533726130851 0.057939999044189665 -3.5500604621047054 -0.783809673677304 0.5727096121050297 0.2400960134037734 55.43645209341156
0.16126971016719624 -0.18507299359144286 0.9694019123282643 21.585539338270213 0.5968212552498479 0.8005848653886147 0.0535561629758073 -3.52549867205394 -0.786000298895989 0.5699226792765822 0.23956558555355525 55.65159406414247
0.1645885713317038 -0.18367384918306082 0.9691101688215185 22.3261715206499 0.5980039608869846 0.7999290728215793 0.05004738972502081 -3.4872717193205687 -0.784411795519717 0.5712944911174006 0.2414968725852246 55.83590953325061
0.1696251682848217 -0.18110512837008558 0.968725056330436 23.066316569230562 0.5955381606240153 0.8020282736746618 0.04566122498365686 -3.4413711947644163 -0.7852143666062856 0.5691674452254799 0.2438991959203439 56.03481710435594
0.1829830825643666 -0.17958855433430848 0.9665739199085401 23.81916899788524 0.615138802056535 0.7878505487182242 0.029929368333548756 -3.267521393283122 -0.7668907651678255 0.589100555114752 0.2546352101807573 56.10422032150112
0.1875169960687679 -0.17896065597964497 0.9658211324032451 24.573007443472296 0.6171747251770024 0.7864001079527033 0.025888777774728467 -3.2363720448849853 -0.7641549154379866 0.5912258061209055 0.25791337962317673 56.300839101919216
0.22615220331086547 -0.1521304008663408 0.9621390346877592 25.20616351052954 0.6419548340797598 0.7661651253043265 -0.029748811220539115 -2.85854544519158 -0.732631675495449 0.6243775635780451 0.2709307774341552 56.04349389110857
0.23112986316864942 -0.15162564908812354 0.9610351964887927 25.964164848247844 0.6427974298593533 0.7652878839119914 -0.03385142395406067 -2.861706291215548 -0.7303358477562577 0.6255750292939409 0.2743454614278031 56.26008446056039
0.23484073854203016 -0.15285308165819791 0.9599404996918464 26.722110175454002 0.6409306127478859 0.7668142498209576 -0.0346966268409815 -2.8917089584063556 -0.7307925678081666 0.6234034341412608 0.27804744404009524 56.498657700994
0.23950080505425508 -0.1533777183036049 0.958704667719079 27.499136341042664 0.6422835712194728 0.7655254615510747 -0.037981335660748176 -2.9225740099870605 -0.7280873426450457 0.6248568181951738 0.2818559529885437 56.73266946766798
0.24633985381170725 -0.15018536574135993 0.9574763873543654 28.25192725094079 0.642251495706296 0.7651589550171994 -0.04521935227325534 -2.940628389298915 -0.7258303470419604 0.6260799705102565 0.2849459209022386 56.94091870656904
0.2567118794763462 -0.14377020224886422 0.9557348690306577 29.024783644784915 0.6435843226868124 0.7631694961480114 -0.05806496138762919 -2.953588085236948 -0.7210396872069381 0.6300019437228057 0.28844292395205096 57.13184948295197
0.26270935506367465 -0.13880698861818402 0.9548384233328618 29.787700814818418 0.642131790488782 0.7637788108221362 -0.06564062600855289 -3.0075830773482237 -0.7201739778731941 0.6303765129268996 0.28978421893613165 57.39792515879189
0.271228237174629 -0.13566090122121557 0.952906796722007 30.5716252421928 0.6393993395419248 0.7653988900958484 -0.0730275539327011 -3.0597169202532646 -0.7194468207953209 0.6290951111874049 0.29433928233861945 57.64287922279991
0.27941965565104965 -0.13730282422836942 0.9503013156335037 31.333296627120415 0.6375429095285409 0.7665874136246655 -0.076699255420953 -3.1180406851138094 -0.7179580033300921 0.6272891452361993 0.30173603318647063 57.884311570801465
0.2877378306549329 -0.13917366841606435 0.9475429440556321 32.12339411658377 0.638337902458778 0.7654385485656386 -0.08141591155453531 -3.152056169768212 -0.7139549447230701 0.6282790131695838 0.3090854550381381 58.11041445242429
0.29447872306031636 -0.1424399842461569 0.9449831387663623 32.90475870106464 0.6377772109096533 0.7656998915391156 -0.08333009865162706 -3.209523097284095 -0.7117039489205259 0.6272276516424822 0.3163273021823871 58.36490371200566
0.30098382203689616 -0.14568691065239295 0.942435177047541 33.66087298807919 0.6326732243796448 0.7699547477248121 -0.08303178673907911 -3.336763476848142 -0.7135357944946615 0.6212447267547496 0.3239161302780235 58.675850526827865
0.308629802173474 -0.15209398375278033 0.9389435900609672 34.42872165261458 0.6307359105357211 0.771617509002846 -0.08233244172813628 -3.4062066387262226 -0.7119830450025056 0.6176356854217965 0.3340752964864489 58.96357164144645
0.3151545717402612 -0.15496519835890865 0.9363030402646375 35.19546560100162 0.6318736139978544 0.7703763575801599 -0.08518217897433666 -3.491278414432 -0.7081054524888976 0.6184707389837538 0.34070605098293194 59.27957538626821
0.32103864819085814 -0.15329048845127743 0.934578093322416 35.928228399605366 0.6320681758098243 0.7695630640282293 -0.09089835868663776 -3.5841971727335533 -0.7052829272683632 0.6198989567936484 0.3439495251776292 59.57887420545439
0.32739869668643756 -0.14763123209932338 0.9332819042051897 36.6845696786751 0.6360778154516344 0.7648331347445783 -0.10215326077545717 -3.614216816202476 -0.6987239126423987 0.6270847592675323 0.3443103231041445 59.84148175673987
0.3357214158944745 -0.14478643054788068 0.93076743627988 37.44014409947214 0.6370228698491406 0.7627947811504465 -0.11111248867164747 -3.6660297907514794 -0.6938969622350124 0.6302229854415397 0.3483188114675643 60.08646497314852
0.3490659133015756 -0.14329883878984404 0.92607690337921 38.200244598186515 0.6497279344820893 0.7491445187445926 -0.12898101096118772 -3.619566326497052 -0.6752826070058212 0.6467209079938705 0.35460607417105416 60.23678335491784
0.3543787156684236 -0.14249533252404337 0.9241811543685947 38.91704971479058 0.6461954237643707 0.7516899845865952 -0.13188495508658135 -3.7312120627995067 -0.6759047271525684 0.6439388536818291 0.3584627631034301 60.52754101891145
0.35802035725970816 -0.14598325501217782 0.9222311603083514 39.64283077493753 0.6487922058972598 0.7492040271365982 -0.1332741508668172 -3.835220835146558 -0.6714835049013511 0.6460512479504664 0.3629430914992662 60.8209763136278
